13 23.4022 -88.7527
102 -0.643864 -89.6863
15 -3.50371 -82.9744
9 6.04865 -73.4221
0 -8.50344 -88.13
14 -25.935 -87.8188
53 -168.306 -141.177
109 -57.032 -114.487
8 5.03495 -216.067
38 -91.5053 70.6521
112 -44.5848 12.5374
63 -203.589 5.03135
54 -177.233 64.2219
6 -146.728 110.485
7 -13.5195 172.797
108 -20.6211 55.5067
10 43.3063 105.19
37 12.7157 47.4405
110 5.78035 28.483
111 37.7916 33.2979
17 48.1279 18.9151
21 74.6355 96.9121
19 26.9343 229.437
12 40.534 -64.656
11 62.8855 -57.6395
56 128.045 -27.6983
55 132.613 -15.3563
103 197.573 -4.9465
20 109.54 -92.6743
16 116.408 -123.316
8 7.66355 -215.111
102 -0.319377 -90.6592
15 -2.5309 -82.0017
0 -10.449 -86.1846
14 -25.9349 -87.8188
53 -167.334 -140.853
65 -180.376 -178.669
109 -57.032 -112.543
38 -90.5334 73.5676
112 -42.6409 14.4812
63 -203.613 4.62125
62 -218.055 99.13
54 -173.773 65.9408
64 -227.017 120.076
22 -189.917 148.189
6 -147.454 111.01
45 -144.685 176.262
7 -17.4491 172.797
108 -20.6211 55.5067
10 43.3064 105.19
110 5.78044 24.5535
111 26.0026 29.3682
37 12.7154 47.4405
21 73.356 95.8048
17 46.6541 22.3537
19 28.2431 229.436
18 -7.54537 308.891
12 41.5156 -65.6376
11 64.8487 -59.6027
56 127.064 -28.6799
55 133.594 -16.3378
103 197.829 -4.09133
1 675.5 191.71
113 104.807 -77.6879
20 109.168 -91.2179
16 117.39 -124.298
8 8.61667 -212.251
102 -0.00181702 -89.7059
0 -8.54248 -88.091
14 -25.9349 -91.6317
53 -169.202 -140.822
65 -180.376 -178.669
109 -57.032 -112.543
108 -20.6209 55.5091
38 -92.4383 71.6628
6 -146.743 110.496
112 -44.5459 12.5764
54 -175.256 62.3529
63 -202.66 4.93853
62 -217.994 97.1145
64 -227.971 121.03
22 -188.964 151.048
45 -144.56 177.177
7 -15.5231 170.871
21 73.3558 95.805
46 217.46 183.023
19 27.2625 231.108
18 -7.22455 309.854
12 39.5914 -63.7134
11 62.9245 -59.6027
20 110.494 -91.6821
56 125.14 -26.7555
55 133.594 -16.3378
103 198.54 -5.24953
113 103.844 -76.7248
16 116.672 -123.266
109 -57.5667 -112.352
108 -20.9318 55.82
46 217.569 182.822
18 -7.77214 309.412
113 103.979 -77.928
113 104.442 -77.9795
23 -21.9108 387.474
59 11.9433 197.485
50 0.471777 146.806
43 143.538 260.938
40 137.816 190.793
61 132.971 125.12
51 119.94 -83.7679
60 -18.156 -454.668
2 -153.671 -93.1688
98 -296.464 -163.039
99 -216.164 -59.3907
57 -177.802 208.878
58 -234.346 245.104
24 -202.913 -18.6789
101 -247.743 -8.29767
59 9.55039 196.687
50 -1.6555 146.805
40 136.684 190.774
61 133.769 125.386
67 90.2884 66.7689
27 87.7875 8.40194
43 145.205 259.732
23 -24.0707 383.268
51 119.94 -85.3617
49 87.9679 -36.2077
41 136.48 -62.8732
42 106.355 12.8089
2 -154.479 -92.3616
104 -107.155 -44.9988
60 -17.5582 -451.46
57 -176.75 209.114
25 -76.7241 82.1257
44 -89.756 76.0129
24 -202.106 -19.4855
101 -248.549 -8.02893
99 -215.799 -58.1807
98 -296.061 -162.711
58 -236.336 243.435
59 10.3286 195.909
50 -1.65538 146.805
61 132.315 124.792
67 88.7317 68.3255
40 135.455 190.015
23 -22.2568 382.491
51 119.94 -85.3617
49 87.9679 -36.2077
41 135.703 -65.2055
3 84.4888 8.63136
27 85.6356 7.87346
42 106.355 12.8088
2 -153.691 -93.6747
104 -107.943 -44.2108
25 -75.1498 83.6999
44 -89.7561 76.013
83 -75.9953 20.8144
78 -96.7142 -13.5875
24 -201.319 -20.2726
101 -249.336 -7.7665
99 -215.012 -58.443
98 -295.274 -164.023
57 -179.353 210.46
35 -101.422 272.413
59 9.21805 196.434
50 -0.896693 146.047
107 117.335 145.878
66 30.5419 25.3493
67 88.7319 68.3254
61 130.699 123.854
49 86.452 -34.6918
41 136.461 -62.9316
3 82.973 8.63147
27 87.1516 9.38934
42 105.597 13.5669
36 11.247 -108.89
2 -154.081 -92.3044
104 -107.044 -45.6295
25 -75.9175 82.9323
96 -56.0821 46.1875
44 -89.7561 76.013
83 -75.9953 20.8143
78 -98.2496 -12.0522
24 -199.784 -20.2726
101 -247.955 -7.53856
99 -216.548 -57.9312
35 -101.668 277.588
50 -0.157294 146.786
80 5.19269 46.4191
107 116.595 145.139
66 30.5422 25.3493
67 88.7317 68.3254
61 129.222 125.331
59 6.85236 194.446
49 86.452 -34.6918
41 134.729 -64.6175
3 83.7114 7.89283
27 87.1517 7.91235
42 104.859 12.8283
36 11.2471 -108.89
5 -34.5886 -20.7582
119 -38.1127 117.31
25 -75.9175 82.9323
96 -55.3339 48.4324
44 -91.2525 74.5165
116 -128.467 77.7201
117 -114.95 62.6674
86 -58.9584 26.2465
83 -74.4989 22.3108
78 -97.5014 -12.8005
104 -108.667 -44.9965
24 -198.108 -21.1357
2 -153.701 -94.6362
99 -216.548 -54.9384
101 -247.805 -8.26033
50 0.282103 146.884
80 5.19254 46.4192
107 118.247 144.855
66 30.542 23.9097
67 89.5733 67.6109
31 38.8882 4.3968
59 6.37315 195.884
114 12.6718 -73.0167
49 86.452 -34.6918
3 84.4305 8.61195
27 87.1517 7.91242
42 105.578 12.1093
41 136.417 -62.974
36 13.4358 -109.619
52 -517.369 -112.887
5 -35.3183 -20.0286
25 -75.7185 82.9917
96 -55.3339 48.4323
44 -88.591 74.2526
86 -57.5008 27.704
116 -128.467 79.1777
117 -114.95 64.125
83 -74.4988 22.3109
78 -97.5014 -12.8004
104 -107.21 -44.9965
2 -153.701 -93.1786
99 -217.052 -56.4677
101 -248.534 -7.0443
24 -197.553 -20.0509
119 -40.2748 116.558
80 4.49222 45.7187
105 22.3916 38.094
66 30.5419 23.9096
31 36.7869 5.09734
31 38.3368 4.98703
67 89.4551 67.6057
107 117.342 144.431
50 -0.844636 147.488
59 8.00561 195.185
28 18.853 -19.3374
81 29.193 -12.0292
49 87.8512 -36.0911
3 83.0312 7.2127
27 87.1516 9.31156
42 106.277 12.8088
41 135.016 -64.3751
36 10.5952 -109.619
5 -34.6083 -20.7388
52 -515.689 -112.966
29 -18.0659 26.6938
89 -19.028 22.3498
87 -23.8674 26.9558
96 -55.3339 48.4323
88 -30.5534 17.1214
90 -33.0509 9.86229
86 -57.5008 27.7041
116 -128.467 77.759
117 -114.95 62.7063
83 -74.4989 19.4734
78 -98.2106 -12.091
104 -107.919 -45.7058
2 -153.701 -93.1787
24 -196.843 -17.9204
44 -88.3437 74.5099
25 -76.6226 83.644
119 -40.9559 117.239
80 5.17321 45.0376
105 23.0724 38.7751
39 13.675 20.8165
66 29.8611 25.9526
30 22.3519 14.3707
31 40.2536 4.33669
67 89.4551 67.6057
107 117.342 145.791
50 -0.844495 147.488
32 7.56056 -30.3186
28 17.4926 -20.6977
81 29.193 -12.0292
31 38.8723 4.41381
49 86.6672 -35.9377
3 84.3916 8.57306
27 85.7913 7.95117
42 103.557 12.8089
41 136.378 -63.013
36 11.9766 -111.001
114 12.6673 -73.0362
115 2.15168 -61.0224
5 -35.2988 -21.4295
29 -17.3759 24.624
89 -19.028 23.7295
87 -23.8674 26.9558
96 -55.3339 48.4323
88 -30.5533 17.1214
90 -32.3609 11.9319
100 -29.543 5.45993
86 -59.5705 27.0142
116 -129.103 77.8764
117 -114.345 62.9627
83 -74.4988 22.2331
78 -98.2107 -12.091
104 -107.919 -45.7058
24 -197.534 -18.6111
44 -88.3439 74.5098
25 -75.9319 82.9532
119 -39.6328 115.916
80 5.83479 45.6992
105 23.0726 38.7749
39 14.3366 21.478
26 12.5075 19.2601
66 30.5225 23.968
30 21.6902 14.591
67 88.7944 68.2664
50 -1.50532 146.828
32 6.89981 -30.9794
28 18.8141 -19.3762
81 26.5501 -12.0291
31 38.8722 4.41388
3 83.7308 7.91234
27 87.7735 8.61201
42 106.199 12.8088
49 86.4957 -34.7637
36 11.9766 -111.001
114 14.0098 -74.3787
115 0.137852 -60.3511
5 -34.6277 -20.758
29 -17.376 27.3059
89 -19.028 23.7295
87 -23.8674 26.9559
96 -55.3339 48.4323
88 -29.8829 16.4509
92 -24.8296 11.2421
90 -33.0314 9.9206
100 -30.2135 7.47129
86 -57.5592 27.6846
95 -33.7407 0.639931
83 -73.8284 21.5627
78 -98.2107 -12.091
104 -107.249 -45.0353
24 -197.534 -19.5061
117 -115.605 63.3846
116 -129.156 78.4335
44 -89.0151 73.8384
25 -75.9318 82.9533
119 -40.917 117.2
80 4.55046 45.6993
105 23.7146 36.8488
39 13.0523 21.4781
26 13.7916 20.5443
66 29.8804 24.61
30 21.6901 14.5912
67 88.7944 68.2664
50 -0.650341 146.828
32 7.54111 -30.3381
28 18.8141 -20.6588
81 29.1152 -12.0292
31 38.8723 4.41374
3 83.0896 8.55361
27 87.1322 7.97068
42 104.313 13.3211
49 87.1378 -35.4059
36 11.9766 -112.305
114 12.7063 -73.0751
115 1.44159 -61.6549
69 -11.1511 -173.736
73 -49.0483 -28.6789
72 -221.561 -63.5084
72 -221.553 -63.1704
5 -34.6276 -20.7583
29 -18.6779 26.0038
89 -19.028 22.4275
87 -23.2165 27.6068
96 -55.3339 48.4323
88 -29.8829 16.4509
92 -25.4806 9.28901
90 -32.3804 10.5716
100 -29.5625 5.51824
86 -59.5122 27.0336
95 -31.7878 1.29099
83 -74.4793 20.9115
78 -98.2107 -12.0911
104 -107.249 -45.0354
117 -114.953 62.7326
116 -128.504 78.6507
44 -88.3632 74.4904
25 -75.2801 80.9977
119 -39.6717 115.955
71 138.534 334.862
80 5.17321 46.3219
105 23.7146 39.3393
39 13.675 22.1009
26 14.4144 19.9217
66 30.5032 25.2328
30 22.3129 15.2138
50 0.178933 146.828
32 6.91929 -30.9599
28 18.8141 -20.6588
81 29.1152 -12.0291
70 356.129 15.6956
31 38.8723 5.65756
3 83.7115 7.93186
27 87.1322 7.97068
42 104.277 12.2011
49 88.3832 -34.1605
36 12.609 -111.672
114 13.3386 -74.9722
115 0.809153 -61.0224
69 -11.9943 -173.736
106 -17.5082 -17.8016
73 -47.151 -29.3116
5 -33.9952 -20.1259
72 -222.766 -63.585
29 -18.678 26.0038
89 -19.028 24.9538
87 -23.848 26.9753
96 -55.8641 48.7383
88 -31.1461 16.451
92 -24.2174 10.5521
90 -33.0119 11.2032
100 -30.8256 6.78137
86 -58.2491 28.2968
95 -32.4193 0.659378
83 -74.9105 22.2437
72 -222.823 -63.919
78 -98.2106 -12.091
104 -107.249 -45.0354
117 -114.321 63.3651
25 -75.2801 79.7329
119 -40.8781 117.162
80 5.77641 44.5121
105 23.1114 37.5296
39 13.675 20.8943
26 13.8111 19.3184
66 31.1064 24.6294
30 21.7097 14.6106
71 137.931 333.401
28 18.2117 -20.0564
81 28.5128 -11.4268
31 38.2699 3.85032
70 357.041 17.7022
3 83.7114 7.93185
27 86.5297 8.97467
42 104.88 12.8043
49 86.5734 -34.7637
36 11.8352 -110.303
114 12.1128 -73.7463
115 0.809247 -61.0224
69 -12.6072 -174.349
106 -17.5082 -20.2534
73 -48.99 -28.6984
5 -35.2212 -20.1257
29 -16.8416 25.3917
89 -19.028 22.5053
87 -22.6237 26.9753
84 -35.3117 21.7648
88 -31.146 16.4509
92 -25.4417 11.7764
90 -33.012 9.9789
100 -29.6014 5.55716
86 -59.4733 27.0725
95 -33.0314 1.27145
72 -221.599 -63.919
78 -98.2108 -12.091
104 -107.249 -45.0353
83 -73.8792 21.5638
117 -115.547 62.1391
96 -55.3495 48.4413
119 -40.8781 117.161
91 43.6028 735.615
80 5.19268 46.2636
105 24.2789 38.6973
39 12.5074 22.0617
26 13.2273 19.9021
66 31.1063 24.6295
30 21.7097 14.6105
28 18.2117 -20.0564
81 27.9299 -12.0097
31 38.8528 5.5991
3 83.1284 8.51467
27 86.6809 8.4388
42 105.464 12.2205
70 356.157 18.0928
49 85.406 -35.9313
114 14.4867 -73.7463
115 1.40261 -61.6159
69 -11.9122 -174.458
32 6.90819 -30.9331
106 -18.1017 -18.4729
73 -47.8028 -28.6986
5 -35.2211 -20.1257
36 11.3981 -111.627
29 -18.027 26.577
89 -18.4353 23.098
87 -23.2165 26.3826
84 -35.3117 21.7647
88 -30.5534 17.0437
92 -25.4417 9.40568
90 -31.8266 11.1643
100 -30.7867 6.74251
86 -58.2879 28.2578
95 -32.4388 0.283726
72 -222.192 -63.7215
78 -97.4945 -11.2212
104 -107.841 -44.4427
83 -75.0661 20.3768
96 -55.3496 48.4413
80 5.75699 45.6992
105 23.7146 38.1329
39 13.6361 20.9332
26 13.5095 20.1844
66 29.9777 24.6295
30 22.274 14.0462
28 18.2117 -20.0564
81 28.7751 -12.2915
31 38.8528 4.47215
3 83.7267 8.06129
42 105.182 11.9383
27 86.5346 8.58132
114 14.1997 -74.0333
115 0.8286 -61.0418
32 7.19521 -30.072
106 -17.8147 -19.334
73 -48.09 -29.5596
5 -35.2211 -20.1258
69 -12.1057 -174.067
36 11.9713 -111.054
29 -18.027 26.5771
89 -19.2952 23.3846
87 -23.7896 26.9558
97 -10.4956 10.6688
48 -21.5966 22.2737
84 -35.0251 22.6246
88 -30.5534 15.8972
92 -24.8684 10.7432
90 -32.6865 10.8776
100 -29.9269 5.88264
86 -57.9874 27.5095
95 -32.7253 1.14356
78 -97.6142 -11.4897
83 -75.0662 21.5249
96 -55.0625 48.1543
80 5.23152 45.5241
105 23.3643 38.1329
39 13.4609 20.7581
26 13.9474 19.9216
66 30.1529 24.104
30 21.9237 14.7468
120 8.97912 -15.2938
28 17.5122 -19.7067
81 28.5128 -11.8543
31 38.678 4.29728
27 86.5346 8.93164
3 83.6943 7.95867
114 14.1105 -73.7658
115 1.54218 -61.0419
32 6.74928 -29.9828
106 -17.9039 -19.0665
73 -47.8224 -29.1136
5 -34.6859 -20.661
36 12.3275 -110.341
29 -17.8489 26.0427
89 -18.8499 23.4737
87 -23.6115 26.7777
85 -8.1311 9.17235
97 -10.1394 11.025
48 -19.3701 21.4722
84 -35.4704 22.0012
88 -30.5534 16.7284
92 -25.0466 10.8026
90 -32.9536 10.7886
100 -29.8378 6.50604
95 -32.102 1.05449
78 -97.2574 -11.1329
83 -74.8877 21.7033
86 -58.4464 27.673
96 -55.5085 48.6003
80 5.62227 45.4617
82 -0.0599927 16.6532
105 23.7175 38.1704
39 13.8502 20.2131
26 13.6749 20.0384
66 30.52 24.3602
30 22.0015 14.3576
120 9.1734 -15.0218
118 7.46312 -13.0004
28 17.3179 -19.6678
81 28.6294 -11.8932
31 38.6003 4.68585
27 86.7682 9.00948
3 83.8111 8.07544
114 14.0222 -73.9325
115 1.29813 -61.0528
32 7.1466 -30.0623
106 -17.586 -19.5433
5 -35.322 -20.4335
73 -47.7383 -29.5497
29 -18.0075 26.0427
89 -18.8895 23.2753
87 -23.4132 27.0554
85 -8.28976 9.64835
97 -9.74269 10.9457
48 -23.6145 26.5892
47 -11.9532 2.90492
84 -35.7877 22.0805
88 -30.6724 16.5036
92 -25.0069 10.472
90 -32.7156 10.8679
100 -30.2741 6.06972
95 -32.0623 1.33216
86 -58.1682 27.5538
82 0.134649 16.4586
34 7.60553 45.9656
33 8.57873 19.9993
39 13.7529 20.5051
26 13.8695 20.2331
30 22.1962 14.5522
66 30.7326 24.1472
105 23.6828 38.1392
80 5.68578 45.6431
120 8.97914 -15.2161
118 7.46313 -13.0004
28 17.2208 -19.9592
75 11.4673 -2.15554
81 28.5323 -11.9903
31 38.5031 4.39447
32 7.24638 -29.9626
106 -17.985 -19.5433
115 1.17008 -61.2428
114 14.1623 -73.9924
29 -17.7954 26.0703
89 -18.3918 22.9767
87 -23.6303 26.8914
85 -8.09065 9.44924
97 -10.1409 10.9457
48 -90.8766 -3.91812
47 -11.2563 2.80535
84 -35.9051 22.1103
88 -30.4248 16.451
92 -25.206 10.6711
94 -25.9488 5.13085
93 -23.302 2.00809
90 -32.679 10.7201
100 -29.8759 6.46793
95 -32.0623 1.53127
5 -34.8903 -20.5239
73 -47.6094 -29.3183
34 6.87515 47.9044
82 -0.098973 16.2249
33 8.65661 20.233
39 13.675 20.1156
26 13.9474 19.8436
68 5.46488 7.15923
79 5.50377 5.79722
30 21.8847 14.5522
66 30.6808 24.3025
105 23.6828 38.1392
80 5.84112 45.4877
120 8.90147 -15.1384
118 7.77383 -13.0004
28 17.0655 -20.1146
75 11.545 -1.76715
81 28.2786 -11.926
31 38.5808 4.62751
32 7.32669 -29.8822
4 -1.43801 -10.7778
106 -17.8244 -19.7039
115 1.1701 -60.9223
89 -18.5343 23.1609
85 -8.25086 9.60946
97 -10.1409 10.9457
47 -11.016 2.72525
92 -24.8055 10.7513
94 -25.8687 5.69162
93 -23.3821 2.40864
100 -29.956 6.38783
95 -31.822 1.45114
5 -34.9705 -20.4438
73 -47.2889 -29.7989
48 -91.9504 -6.37271
90 -32.8692 11
88 -30.2229 16.4667
84 -35.8104 22.2469
87 -23.8567 26.4615
29 -18.1272 26.2087
82 -0.099008 16.7702
33 8.92926 20.1421
39 13.9476 20.3883
26 13.8111 20.2526
68 5.73753 7.43187
79 5.23112 6.06986
74 6.37944 4.88308
76 7.79957 3.19031
77 7.72179 3.11254
30 22.2937 14.4159
66 30.9527 24.0307
105 23.8187 38.2751
34 9.95882 47.0283
80 5.56933 45.2159
120 9.3092 -15.2743
118 7.77384 -13.0004
28 17.0357 -19.8366
75 11.2732 -2.03897
31 38.7167 4.49161
81 28.6375 -11.8461
32 7.18552 -30.0234
4 -1.57922 -10.9189
106 -17.8244 -19.7039
115 1.31086 -61.0631
85 -8.25087 9.23406
97 -10.0001 10.8049
47 -11.4383 2.30293
92 -25.087 10.4697
94 -26.291 6.11393
93 -23.3821 1.84555
100 -30.0968 6.5286
95 -31.9627 1.3104
5 -34.8297 -20.5846
73 -47.4298 -29.3766
48 -92.0916 -6.23151
90 -32.4456 10.5764
88 -30.7877 16.4666
84 -35.8104 22.2469
87 -23.5744 26.7439
89 -18.4087 22.9985
29 -17.7036 26.0675
82 0.0178805 16.1858
33 9.16302 20.5317
39 13.7139 20.1546
26 13.6942 20.1357
68 5.73753 6.96436
79 5.69864 5.60236
74 6.37944 4.88309
76 7.79956 3.65781
77 7.72179 3.11249
66 30.6033 24.1471
105 23.8187 38.2751
34 9.26002 46.7953
80 5.68578 45.5653
120 9.07626 -15.0414
118 7.65737 -12.884
75 11.6226 -1.92251
31 38.5614 4.4916
81 28.4038 -11.8461
28 17.7626 -19.8419
32 7.42899 -30.0234
4 -1.57919 -10.9189
106 -17.7863 -19.4989
115 1.18952 -61.1844
85 -8.25087 9.39583
97 -10.0406 10.9263
47 -11.0743 2.90957
92 -25.2424 10.7782
94 -26.1697 5.50729
93 -23.1395 2.0882
100 -30.0332 6.3228
95 -31.5988 1.43171
5 -35.0723 -20.3419
90 -32.6891 10.8199
88 -30.3007 16.4666
84 -35.6887 22.1252
87 -23.8178 26.7438
89 -18.5305 23.1203
29 -17.9471 26.311
